197440 1
197441 2
197442 3
197443 4
197444 5
197445 6
197446 7
197447 8
1013075 9
1013076 10
1013077 11
1013078 12
1013079 13
1018860 14
1018861 15
1018862 16
1018863 17
1033310 18
1057110 19
1057111 20
1057112 21
1057113 22
1057114 23
1057115 24
1057116 25
1057117 26
1071960 27
1071961 28
1071962 29
1071963 30
1071964 31
1071965 32
1071966 33
1071967 34
1071968 35
1071969 36
1095767 37
1095768 38
1095769 39
1098270 40
1098271 41
1098272 42
1098273 43
1098274 44
1098275 45
1098276 46
1100450 47
1100451 48
1100452 49
1100453 50
1100454 51
1100455 52
1100456 53
1100457 54
1100458 55
1100459 56
1103301 57
1103302 58
1103303 59
1103304 60
1103305 61
1103306 62
1103307 63
1103308 64
1103309 65
1117500 66
1117501 67
1117502 68
1117503 69
1117504 70
1117505 71
1117506 72
1130890 73
1130891 74
1130892 75
1168890 76
1168891 77
1168892 78
1168893 79
1168894 80
1168895 81
1189518 82
1189519 83
1191559 84
1194060 85
1194061 86
1194062 87
1194063 88
1194064 89
1194065 90
1194066 91
1194067 92
1194068 93
1251922 94
1251923 95
1251924 96
1251925 97
1251926 98
1251927 99
1251928 100
1251929 101
1265200 102
1265201 103
1265202 104
1265203 105
1265204 106
1265205 107
1265206 108
1281440 109
1281441 110
1281442 111
1281443 112
1308810 113
1308811 114
1308812 115
1308813 116
1310850 117
1310851 118
1310852 119
1310853 120
1310854 121
1327900 122
1327901 123
1337180 124
1337181 125
1337182 126
1337183 127
1337184 128
1337185 129
1337186 130
1337187 131
1365630 132
1365631 133
1365632 134
1365633 135
1365634 136
1365635 137
1365636 138
1365637 139
1365638 140
1365639 141
1408320 142
1408321 143
1408322 144
1408323 145
1408324 146
1408325 147
1461422 148
1461423 149
1461424 150
1461425 151
1461426 152
1461427 153
1461428 154
1461429 155
1485229 156
1488961 157
1488962 158
1488963 159
1488964 160
1488965 161
1488966 162
1488967 163
1488968 164
1488969 165
1520142 166
1520143 167
1520144 168
1520145 169
1520146 170
1520147 171
1520148 172
1520149 173
1528836 174
1528837 175
1528838 176
1528839 177
1533380 178
1533381 179
1533382 180
1533383 181
1533384 182
1533385 183
1533386 184
1544680 185
1544681 186
1544682 187
1544683 188
1544684 189
1544685 190
1544686 191
1544687 192
1544688 193
1547580 194
1547581 195
1547582 196
1593806 197
1593807 198
1593808 199
1593809 200
1618720 201
1647090 202
1647091 203
1647092 204
1647093 205
1647094 206
1671820 207
1671821 208
1671822 209
1671823 210
1671824 211
1671825 212
1671826 213
1683861 214
1683862 215
1683863 216
1683864 217
1683865 218
1683866 219
1683867 220
1683868 221
1683869 222
1736925 223
1736926 224
1736927 225
1736928 226
1736929 227
1749957 228
1749958 229
1749959 230
1757080 231
1757081 232
1757082 233
1779470 234
1779471 235
1779472 236
1779473 237
1779474 238
1779475 239
1779476 240
1779477 241
1779478 242
1808880 243
1808881 244
1808882 245
1808883 246
1808884 247
1808885 248
1808886 249
1808887 250
1808888 251
1808889 252
1827050 253
1827051 254
1827052 255
1827053 256
1827054 257
1827055 258
1827056 259
1861986 260
1861987 261
1861988 262
1861989 263
1875261 264
1875262 265
1875263 266
1875264 267
1875265 268
1875266 269
1875267 270
1875268 271
1875269 272
1899068 273
1899069 274
1904672 275
1904673 276
1904674 277
1904675 278
1904676 279
1904677 280
1904678 281
1904679 282
1908392 283
1908393 284
1908394 285
1908395 286
1908396 287
1908397 288
1908398 289
1908399 290
1937040 291
1937041 292
1937042 293
1937043 294
1937044 295
1949801 296
1949802 297
1949803 298
1949804 299
1949805 300
1949806 301
1949807 302
1949808 303
1949809 304
1959457 305
1959458 306
1959459 307
1961498 308
1961499 309
1981730 310
1981731 311
1981732 312
1981733 313
2016931 314
2016932 315
2016933 316
2016934 317
2016935 318
2016936 319
2016937 320
2016938 321
2016939 322
2083312 323
2083313 324
2083314 325
2083315 326
2083316 327
2083317 328
2083318 329
2083319 330
2097510 331
2097511 332
2097512 333
2097513 334
2097514 335
2097515 336
2097516 337
2097517 338
2112723 339
2112724 340
2112725 341
2112726 342
2112727 343
2112728 344
2112729 345
2126920 346
2126921 347
2126922 348
2126923 349
2126924 350
2126925 351
2126926 352
2126927 353
2126928 354
2141097 355
2141098 356
2141099 357
2161330 358
2161331 359
2161332 360
2287677 361
2287678 362
2287679 363
2293710 364
2293711 365
2293712 366
2293713 367
2293714 368
2293715 369
2293716 370
2319018 371
2319019 372
2335255 373
2335256 374
2335257 375
2335258 376
2335259 377
2365690 378
2365691 379
2365692 380
2365693 381
2365694 382
2365695 383
2365696 384
2365697 385
2408380 386
2408381 387
2408382 388
2408383 389
2431047 390
2431048 391
2431049 392
2436830 393
2436831 394
2436832 395
2436833 396
2436834 397
2436835 398
2483876 399
2483877 400
2483878 401
2483879 402
2526588 403
2526589 404
2529413 405
2529414 406
2529415 407
2529416 408
2529417 409
2529418 410
2529419 411
2583388 412
2583389 413
2597584 414
2597585 415
2597586 416
2597587 417
2597588 418
2597589 419
2621360 420
2621361 421
2621362 422
2621363 423
2621364 424
2625205 425
2625206 426
2625207 427
2625208 428
2625209 429
2626995 430
2626996 431
2626997 432
2626998 433
2626999 434
2653590 435
2653591 436
2653592 437
2677139 438
2693376 439
2693377 440
2693378 441
2693379 442
2722787 443
2722788 444
2722789 445
2736983 446
2736984 447
2736985 448
2736986 449
2736987 450
2736988 451
2736989 452
2748027 453
2748028 454
2748029 455
2753740 456
2753741 457
2753742 458
2753743 459
2753744 460
2753745 461
2753746 462
2753747 463
2753748 464
2755150 465
2755151 466
2755152 467
2755153 468
2755154 469
2755155 470
2755156 471
2755157 472
2755158 473
2755159 474
2778710 475
2778711 476
2778712 477
2778713 478
2778714 479
2778715 480
2778716 481
2778717 482
2778718 483
2778719 484
2783260 485
2786110 486
2786111 487
2815520 488
2815521 489
2815522 490
2822299 491
2873338 492
2873339 493
2883690 494
2883691 495
2883692 496
2883693 497
2887209 498
2887534 499
2887535 500
2887536 501
2887537 502
2887538 503
2887539 504
2963240 505
2963241 506
2963242 507
2963243 508
2963244 509
2963245 510
2963246 511
2963247 512
2963248 513
2968879 514
2987046 515
2987047 516
2987048 517
2987049 518
3020720 519
3020721 520
3020722 521
3067133 522
3067134 523
3067135 524
3067136 525
3067137 526
3067138 527
3067139 528
3083370 529
3083371 530
3083372 531
3083373 532
3083374 533
3083375 534
3083376 535
3083377 536
3083378 537
3083379 538
3148478 539
3148479 540
3210882 541
3210883 542
3210884 543
3210885 544
3210886 545
3210887 546
3210888 547
3210889 548
3212293 549
3212294 550
3212295 551
3212296 552
3212297 553
3212298 554
3212299 555
3226490 556
3226491 557
3226492 558
3226493 559
3226494 560
3226495 561
3226496 562
3226497 563
3226498 564
3257450 565
3320870 566
3320871 567
3320872 568
3320873 569
3320874 570
3320875 571
3320876 572
3320877 573
3320878 574
3320879 575
3344677 576
3344678 577
3344679 578
3353240 579
3353241 580
3353242 581
3358873 582
3358874 583
3358875 584
3358876 585
3358877 586
3358878 587
3358879 588
3377040 589
3377041 590
3377042 591
3377043 592
3377044 593
3377045 594
3377046 595
3377047 596
3377048 597
3377049 598
3434580 599
3434581 600
3434582 601
3434583 602
3434584 603
3434585 604
3434586 605
3434587 606
3458385 607
3458386 608
3458387 609
3458388 610
3458389 611
3534990 612
3534991 613
3534992 614
3534993 615
3534994 616
3554177 617
3554178 618
3554179 619
3571854 620
3571855 621
3571856 622
3571857 623
3571858 624
3571859 625
3573622 626
3573623 627
3573624 628
3573625 629
3573626 630
3573627 631
3573628 632
3573629 633
3600344 634
3600345 635
3600346 636
3600347 637
3600348 638
3600349 639
3614540 640
3614541 641
3614542 642
3614543 643
3614544 644
3614545 645
3614546 646
3614547 647
3614548 648
3614549 649
3628740 650
3628741 651
3628742 652
3628743 653
3628744 654
3628745 655
3630780 656
3630781 657
3630782 658
3630783 659
3630784 660
3630785 661
3630786 662
3638347 663
3638348 664
3638349 665
3644980 666
3644981 667
3644982 668
3668780 669
3668781 670
3668782 671
3668783 672
3668784 673
3668785 674
3668786 675
3668787 676
3668788 677
3668789 678
3672787 679
3672788 680
3672789 681
3699740 682
3699741 683
3730290 684
3730291 685
3730292 686
3730293 687
3730294 688
3730295 689
3730296 690
3730297 691
3730298 692
3734139 693
3777987 694
3777988 695
3777989 696
3795530 697
3795531 698
3795532 699
3795533 700
3824940 701
3824941 702
3824942 703
3824943 704
3824944 705
3843110 706
3843111 707
3899807 708
3899808 709
3899809 710
3924450 711
3924451 712
3924452 713
3924453 714
3924454 715
3924455 716
3924456 717
3938650 718
3938651 719
3938652 720
3938727 721
3938728 722
3938729 723
3940690 724
3940691 725
3940692 726
3940693 727
3961316 728
3961317 729
3961318 730
3961319 731
3999319 732
4004540 733
4004541 734
4004542 735
4004543 736
4020780 737
4104050 738
4104051 739
4104052 740
4104053 741
4104054 742
4104055 743
4118250 744
4118251 745
4120290 746
4120291 747
4120292 748
4176067 749
4176068 750
4176069 751
4176988 752
4176989 753
4205478 754
4205479 755
4214040 756
4214041 757
4214042 758
4214043 759
4230280 760
4252670 761
4252671 762
4252672 763
4252673 764
4252674 765
4252675 766
4252676 767
4266870 768
4266871 769
4266872 770
4314450 771
4351310 772
4351311 773
4351312 774
4351313 775
4351314 776
4351315 777
4351316 778
4351317 779
4351318 780
4351319 781
4408200 782
4408201 783
4409990 784
4409991 785
4410240 786
4410241 787
4410242 788
4432655 789
4432656 790
4432657 791
4432658 792
4432659 793
4446851 794
4446852 795
4446853 796
4446854 797
4446855 798
4446856 799
4446857 800
4446858 801
4446859 802
4462170 803
4462171 804
4462172 805
4462173 806
4462174 807
4462175 808
4462176 809
4479080 810
4479081 811
4479082 812
4479083 813
4479084 814
4479085 815
4479086 816
4479087 817
4479088 818
4479089 819
4505780 820
4505781 821
4505782 822
4505783 823
4597402 824
4597403 825
4597404 826
4597405 827
4597406 828
4597407 829
4597408 830
4597409 831
4612617 832
4612618 833
4612619 834
4626813 835
4626814 836
4626815 837
4626816 838
4626817 839
4626818 840
4626819 841
4656330 842
4656331 843
4656332 844
4656333 845
4656334 846
4672570 847
4672571 848
4710965 849
4710966 850
4710967 851
4710968 852
4710969 853
4722605 854
4722606 855
4722607 856
4722608 857
4722609 858
4789339 859
4790776 860
4790777 861
4790778 862
4790779 863
4815690 864
4822117 865
4822118 866
4822119 867
4836313 868
4836314 869
4836315 870
4836316 871
4836317 872
4836318 873
4836319 874
4874946 875
4874947 876
4874948 877
4874949 878
4890170 879
4890171 880
4890172 881
4890173 882
4890174 883
4890175 884
4890176 885
4890177 886
4908270 887
4908271 888
4908272 889
4908273 890
4908274 891
4908275 892
4908276 893
4908277 894
4908450 895
4908451 896
4908452 897
4908453 898
4908454 899
4908455 900
4908456 901
4908457 902
4908458 903
4912920 904
4912921 905
4912922 906
4970738 907
4970739 908
4984934 909
4984935 910
4984936 911
4984937 912
4984938 913
4984939 914
5016810 915
5016811 916
5016812 917
5016813 918
5016814 919
5016815 920
5016816 921
5022350 922
5022351 923
5022352 924
5022353 925
5022354 926
5022355 927
5022356 928
5022357 929
5037789 930
5046890 931
5046891 932
5046892 933
5046893 934
5046894 935
5068741 936
5068742 937
5068743 938
5068744 939
5068745 940
5068746 941
5068747 942
5068748 943
5068749 944
5070782 945
5070783 946
5070784 947
5070785 948
5070786 949
5070787 950
5070788 951
5070789 952
5084980 953
5084981 954
5084982 955
5084983 956
5084984 957
5084985 958
5084986 959
5084987 960
5098260 961
5098261 962
5098262 963
5127670 964
5127671 965
5127672 966
5127673 967
5150337 968
5150338 969
5150339 970
5164533 971
5164534 972
5164535 973
5164536 974
5164537 975
5164538 976
5164539 977
5180770 978
5180771 979
5180772 980
5180773 981
5180774 982
5180775 983
5180776 984
5180777 985
5180778 986
5180779 987
5212111 988
5212112 989
5212113 990
5212114 991
5212115 992
5212116 993
5212117 994
5212118 995
5212119 996
5226310 997
5226311 998
5226312 999
5226313 1000
5226314 1001
5226315 1002
5226316 1003
5360732 1004
5360733 1005
5360734 1006
5360735 1007
5360736 1008
5360737 1009
5360738 1010
5360739 1011
5378650 1012
5378651 1013
5378652 1014
5378653 1015
5378654 1016
5378655 1017
5378656 1018
5378657 1019
5393100 1020
5393101 1021
5393102 1022
5393103 1023
5393104 1024
5450640 1025
5450641 1026
5450642 1027
5458203 1028
5458204 1029
5458205 1030
5458206 1031
5458207 1032
5458208 1033
5458209 1034
5460244 1035
5460245 1036
5460246 1037
5460247 1038
5460248 1039
5460249 1040
5474440 1041
5474441 1042
5474442 1043
5474443 1044
5474444 1045
5474445 1046
5474446 1047
5474447 1048
5474448 1049
5474449 1050
5488640 1051
5488641 1052
5488642 1053
5488643 1054
5488644 1055
5488645 1056
5490680 1057
5490681 1058
5490682 1059
5490683 1060
5490684 1061
5490685 1062
5490686 1063
5503851 1064
5503852 1065
5503853 1066
5503854 1067
5503855 1068
5503856 1069
5503857 1070
5503858 1071
5503859 1072
5534810 1073
5534811 1074
5534812 1075
5536220 1076
5536221 1077
5536222 1078
5536223 1079
5583264 1080
5583265 1081
5583266 1082
5583267 1083
5583268 1084
5583269 1085
5630600 1086
5630601 1087
5630602 1088
5630603 1089
5630604 1090
5644800 1091
5654402 1092
5654403 1093
5654404 1094
5654405 1095
5654406 1096
5654407 1097
5654408 1098
5654409 1099
5668600 1100
5668601 1101
5668602 1102
5668603 1103
5668604 1104
5668605 1105
5668606 1106
5668607 1107
5684840 1108
5684841 1109
5684842 1110
5684843 1111
5684844 1112
5707295 1113
5707296 1114
5707297 1115
5707298 1116
5707299 1117
5749943 1118
5749944 1119
5749945 1120
5749946 1121
5749947 1122
5749948 1123
5749949 1124
5763609 1125
5768110 1126
5768111 1127
5768112 1128
5768113 1129
5768114 1130
5768115 1131
5768116 1132
5768117 1133
5768118 1134
5768119 1135
5840260 1136
5858767 1137
5858768 1138
5858769 1139
5878100 1140
5878101 1141
5878102 1142
5878103 1143
5878104 1144
5878105 1145
5878106 1146
5878107 1147
5880140 1148
5880141 1149
5880142 1150
5880143 1151
5880144 1152
5880145 1153
5880146 1154
5880147 1155
5880148 1156
5892930 1157
5892931 1158
5892932 1159
5892933 1160
5905436 1161
5905437 1162
5905438 1163
5905439 1164
5929905 1165
5929906 1166
5929907 1167
5929908 1168
5929909 1169
5940510 1170
5940511 1171
5941690 1172
5941691 1173
5941692 1174
5941693 1175
5941694 1176
5941695 1177
5958279 1178
6011138 1179
6011139 1180
6038366 1181
6038367 1182
6038368 1183
6038369 1184
6096330 1185
6096331 1186
6096332 1187
6096333 1188
6096334 1189
6096335 1190
6096336 1191
6096337 1192
6096338 1193
6096339 1194
6101940 1195
6101941 1196
6101942 1197
6101943 1198
6109504 1199
6109505 1200
6109506 1201
6109507 1202
6109508 1203
6109509 1204
6120110 1205
6125741 1206
6125742 1207
6125743 1208
6125744 1209
6125745 1210
6125746 1211
6125747 1212
6125748 1213
6125749 1214
6139940 1215
6139941 1216
6139942 1217
6139943 1218
6139944 1219
6139945 1220
6139946 1221
6158110 1222
6158111 1223
6158112 1224
6158113 1225
6176806 1226
6176807 1227
6176808 1228
6176809 1229
6234948 1230
6234949 1231
6286499 1232
6305729 1233
6310270 1234
6310271 1235
6310272 1236
6310273 1237
6310274 1238
6310275 1239
6310276 1240
6310277 1241
6310278 1242
6310279 1243
6319004 1244
6319005 1245
6319006 1246
6319007 1247
6319008 1248
6319009 1249
6335241 1250
6335242 1251
6335243 1252
6335244 1253
6335245 1254
6335246 1255
6335247 1256
6335248 1257
6335249 1258
6396487 1259
6396488 1260
6396489 1261
6411850 1262
6444065 1263
6444066 1264
6444067 1265
6444068 1266
6444069 1267
6458261 1268
6458262 1269
6458263 1270
6458264 1271
6458265 1272
6458266 1273
6458267 1274
6458268 1275
6458269 1276
6486713 1277
6486714 1278
6486715 1279
6486716 1280
6486717 1281
6486718 1282
6486719 1283
6491260 1284
6491261 1285
6491262 1286
6491263 1287
6529400 1288
6529401 1289
6529402 1290
6529403 1291
6529404 1292
6529405 1293
6529406 1294
6529407 1295
6529408 1296
6629490 1297
6640647 1298
6640648 1299
6640649 1300
6682590 1301
6682591 1302
6682592 1303
6682593 1304
6682594 1305
6682595 1306
6682596 1307
6692198 1308
6692199 1309
6719568 1310
6719569 1311
6730170 1312
6730171 1313
6730172 1314
6730173 1315
6730174 1316
6753730 1317
6753731 1318
6753732 1319
6753733 1320
6753734 1321
6754355 1322
6754356 1323
6754357 1324
6754358 1325
6754359 1326
6809470 1327
6809471 1328
6809472 1329
6809473 1330
6809474 1331
6809475 1332
6809476 1333
6809477 1334
6809478 1335
6873334 1336
6873335 1337
6873336 1338
6873337 1339
6873338 1340
6873339 1341
6892990 1342
6892991 1343
6909880 1344
6909881 1345
6909882 1346
6909883 1347
6909884 1348
6909885 1349
6924330 1350
6924331 1351
6924332 1352
6929068 1353
6929069 1354
6943894 1355
6943895 1356
6943896 1357
6943897 1358
6943898 1359
6943899 1360
6948513 1361
6948514 1362
6948515 1363
6948516 1364
6948517 1365
6948518 1366
6948519 1367
6962061 1368
6962062 1369
6962063 1370
6962064 1371
6962065 1372
6962066 1373
6962067 1374
6962068 1375
6962069 1376
6976260 1377
6976261 1378
6976262 1379
6976263 1380
6976264 1381
6976265 1382
6976266 1383
7011274 1384
7011275 1385
7011276 1386
7011277 1387
7011278 1388
7011279 1389
7070600 1390
7070601 1391
7070602 1392
7070603 1393
7070604 1394
7070605 1395
7070606 1396
7070607 1397
7070608 1398
7070609 1399
7084800 1400
7084801 1401
7084802 1402
7084803 1403
7084804 1404
7084805 1405
7111986 1406
7111987 1407
7111988 1408
7111989 1409
7128112 1410
7128113 1411
7128114 1412
7128115 1413
7128116 1414
7128117 1415
7128118 1416
7128119 1417
7174993 1418
7174994 1419
7174995 1420
7174996 1421
7174997 1422
7174998 1423
7174999 1424
7181218 1425
7181219 1426
7209074 1427
7209075 1428
7209076 1429
7209077 1430
7209078 1431
7209079 1432
7213720 1433
7213721 1434
7213722 1435
7213723 1436
7213724 1437
7213725 1438
7213726 1439
7213727 1440
7213728 1441
7260769 1442
7276733 1443
7276734 1444
7276735 1445
7276736 1446
7276737 1447
7276738 1448
7276739 1449
7277710 1450
7277711 1451
7277712 1452
7277713 1453
7277714 1454
7277715 1455
7277716 1456
7277717 1457
7277718 1458
7277719 1459
7300510 1460
7300511 1461
7300512 1462
7300513 1463
7333890 1464
7333891 1465
7333892 1466
7333893 1467
7333894 1468
7333895 1469
7333896 1470
7333897 1471
7347514 1472
7347515 1473
7347516 1474
7347517 1475
7347518 1476
7347519 1477
7352060 1478
7352061 1479
7352062 1480
7352063 1481
7352064 1482
7359140 1483
7359141 1484
7359142 1485
7359143 1486
7359144 1487
7359145 1488
7359146 1489
7366260 1490
7394710 1491
7394711 1492
7394712 1493
7419852 1494
7419853 1495
7419854 1496
7419855 1497
7419856 1498
7419857 1499
7419858 1500
7419859 1501
7490500 1502
7490501 1503
7490502 1504
7490503 1505
7490504 1506
7532043 1507
7532044 1508
7532045 1509
7532046 1510
7532047 1511
7532048 1512
7532049 1513
7567195 1514
7567196 1515
7567197 1516
7567198 1517
7567199 1518
7603760 1519
7605170 1520
7605171 1521
7627560 1522
7627561 1523
7627562 1524
7627563 1525
7627564 1526
7627565 1527
7627566 1528
7627567 1529
7664427 1530
7664428 1531
7664429 1532
7680664 1533
7680665 1534
7680666 1535
7680667 1536
7680668 1537
7680669 1538
7723350 1539
7723351 1540
7723352 1541
7723353 1542
7723354 1543
7723355 1544
7723356 1545
7723357 1546
7723358 1547
7723359 1548
7751802 1549
7751803 1550
7751804 1551
7751805 1552
7751806 1553
7751807 1554
7751808 1555
7751809 1556
7780176 1557
7780177 1558
7780178 1559
7780179 1560
7804695 1561
7804696 1562
7804697 1563
7804698 1564
7804699 1565
7807546 1566
7807547 1567
7807548 1568
7807549 1569
7823783 1570
7823784 1571
7823785 1572
7823786 1573
7823787 1574
7823788 1575
7823789 1576
7828900 1577
7828901 1578
7828902 1579
7828903 1580
7828904 1581
7828905 1582
7837060 1583
7837061 1584
7837062 1585
7837063 1586
7837064 1587
7837065 1588
7837066 1589
7837067 1590
7874822 1591
7874823 1592
7874824 1593
7874825 1594
7874826 1595
7874827 1596
7874828 1597
7874829 1598
7889890 1599
7889891 1600
7889892 1601
7889893 1602
7889894 1603
7889895 1604
7889896 1605
7903338 1606
7903339 1607
7974334 1608
7974335 1609
7974336 1610
7974337 1611
7974338 1612
7974339 1613
7985680 1614
7985681 1615
7985682 1616
7985683 1617
7985684 1618
7985685 1619
7985686 1620
7985687 1621
7985688 1622
7988530 1623
7988531 1624
7988532 1625
7988533 1626
7988534 1627
7988535 1628
7988536 1629
7988537 1630
7988538 1631
7988539 1632
8003382 1633
8003383 1634
8003384 1635
8003385 1636
8003386 1637
8003387 1638
8003388 1639
8003389 1640
8070660 1641
8070661 1642
8070662 1643
8070663 1644
8070664 1645
8070665 1646
8070666 1647
8070667 1648
8094848 1649
8094849 1650
8117070 1651
8117071 1652
8117072 1653
8117073 1654
8135766 1655
8135767 1656
8135768 1657
8135769 1658
8141800 1659
8141801 1660
8141802 1661
8141803 1662
8141804 1663
8141805 1664
8151082 1665
8151083 1666
8151084 1667
8151085 1668
8151086 1669
8151087 1670
8151088 1671
8151089 1672
8165280 1673
8165281 1674
8165282 1675
8165283 1676
8165284 1677
8165285 1678
8165286 1679
8165287 1680
8168130 1681
8168131 1682
8168132 1683
8168133 1684
8168134 1685
8168135 1686
8168136 1687
8168137 1688
8168138 1689
8184370 1690
8184371 1691
8184372 1692
8184373 1693
8184374 1694
8184375 1695
8184730 1696
8184731 1697
8184732 1698
8227060 1699
8227061 1700
8255510 1701
8255511 1702
8255512 1703
8255513 1704
8279890 1705
8280160 1706
8280161 1707
8280162 1708
8280163 1709
8280164 1710
8280165 1711
8280166 1712
8280167 1713
8345266 1714
8345267 1715
8345268 1716
8345269 1717
8378530 1718
8378531 1719
8378532 1720
8378533 1721
8380950 1722
8380951 1723
8380952 1724
8380953 1725
8380954 1726
8380955 1727
8380956 1728
8380957 1729
8402588 1730
8402589 1731
8417929 1732
8421870 1733
8421871 1734
8421872 1735
8421873 1736
8421874 1737
8421875 1738
8440040 1739
8440041 1740
8440042 1741
8445673 1742
8445674 1743
8445675 1744
8445676 1745
8445677 1746
8445678 1747
8445679 1748
8459870 1749
8459871 1750
8459872 1751
8459873 1752
8459874 1753
8459875 1754
8459876 1755
8459877 1756
8459878 1757
8460120 1758
8460121 1759
8460122 1760
8460123 1761
8460124 1762
8460125 1763
8460126 1764
8460127 1765
8460128 1766
8460129 1767
8489390 1768
8519140 1769
8519141 1770
8525228 1771
8525229 1772
8539424 1773
8539425 1774
8539426 1775
8539427 1776
8539428 1777
8539429 1778
8541465 1779
8541466 1780
8541467 1781
8541468 1782
8541469 1783
8555661 1784
8555662 1785
8555663 1786
8555664 1787
8555665 1788
8555666 1789
8555667 1790
8555668 1791
8555669 1792
8560910 1793
8560911 1794
8560912 1795
8560913 1796
8560914 1797
8560915 1798
8560916 1799
8560917 1800
8560918 1801
8560919 1802
8579468 1803
8579469 1804
8601830 1805
8601831 1806
8601832 1807
8601833 1808
8601834 1809
8601835 1810
8601836 1811
8601837 1812
8603240 1813
8603241 1814
8603242 1815
8603243 1816
8603244 1817
8603245 1818
8603246 1819
8603247 1820
8603248 1821
8634200 1822
8657827 1823
8657828 1824
8657829 1825
8669350 1826
8669351 1827
8669352 1828
8692016 1829
8692017 1830
8692018 1831
8692019 1832
8731780 1833
8731781 1834
8731782 1835
8735623 1836
8735624 1837
8735625 1838
8735626 1839
8735627 1840
8735628 1841
8735629 1842
8770410 1843
8770411 1844
8770412 1845
8770413 1846
8770414 1847
8770415 1848
8770416 1849
8770417 1850
8770418 1851
8770419 1852
8794790 1853
8794791 1854
8794792 1855
8794793 1856
8794794 1857
8794795 1858
8794796 1859
8811330 1860
8811331 1861
8811332 1862
8811333 1863
8811334 1864
8811335 1865
8811336 1866
8811337 1867
8816968 1868
8816969 1869
8835135 1870
8835136 1871
8835137 1872
8835138 1873
8835139 1874
8849331 1875
8849332 1876
8849333 1877
8849334 1878
8849335 1879
8849336 1880
8849337 1881
8849338 1882
8849339 1883
8851372 1884
8851373 1885
8851374 1886
8851375 1887
8851376 1888
8851377 1889
8851378 1890
8851379 1891
8865570 1892
8865571 1893
8865572 1894
8865573 1895
8865574 1896
8865575 1897
8865576 1898
8865577 1899
8909700 1900
8909701 1901
8909702 1902
8909703 1903
8925940 1904
8960579 1905
8974775 1906
8974776 1907
8974777 1908
8974778 1909
8974779 1910
8983756 1911
8983757 1912
8983758 1913
8983759 1914
8992320 1915
8992321 1916
8997952 1917
8997953 1918
8997954 1919
8997955 1920
8997956 1921
8997957 1922
8997958 1923
8997959 1924
9045170 1925
9045171 1926
9045172 1927
9045173 1928
9045174 1929
9045175 1930
9045176 1931
9096210 1932
9096211 1933
9096212 1934
9096213 1935
9096214 1936
9096215 1937
9150579 1938
9163355 1939
9163356 1940
9163357 1941
9163358 1942
9163359 1943
9177551 1944
9177552 1945
9177553 1946
9177554 1947
9177555 1948
9177556 1949
9177557 1950
9177558 1951
9177559 1952
9193790 1953
9193791 1954
9193792 1955
9193793 1956
9193794 1957
9193795 1958
9193796 1959
9193797 1960
9201330 1961
9201331 1962
9206962 1963
9206963 1964
9206964 1965
9206965 1966
9206966 1967
9206967 1968
9206968 1969
9206969 1970
9225130 1971
9225131 1972
9225132 1973
9225133 1974
9225134 1975
9225135 1976
9225136 1977
9225137 1978
9225138 1979
9239330 1980
9239331 1981
9239332 1982
9239333 1983
9239334 1984
9266636 1985
9266637 1986
9266638 1987
9266639 1988
9306474 1989
9306475 1990
9306476 1991
9306477 1992
9306478 1993
9306479 1994
9334336 1995
9334337 1996
9334338 1997
9334339 1998
9348063 1999
9348064 2000
9348065 2001
9348066 2002
9348067 2003
9348068 2004
9348069 2005
9416519 2006
9435910 2007
9435911 2008
9435912 2009
9435913 2010
9435914 2011
9435915 2012
9435916 2013
9438858 2014
9438859 2015
9463660 2016
9487460 2017
9487461 2018
9487462 2019
9487463 2020
9487464 2021
9487465 2022
9487466 2023
9487467 2024
9511492 2025
9511493 2026
9511494 2027
9511495 2028
9511496 2029
9511497 2030
9511498 2031
9511499 2032
9553738 2033
9553739 2034
9596665 2035
9596666 2036
9596667 2037
9596668 2038
9596669 2039
9609839 2040
9643620 2041
9643621 2042
9643622 2043
9685800 2044
9757330 2045
9823601 2046
9823602 2047
9823603 2048
9823604 2049
9823605 2050
9823606 2051
9823607 2052
9823608 2053
9823609 2054
9853120 2055
9853121 2056
9853122 2057
9866150 2058
9866151 2059
9866152 2060
9866153 2061
9866154 2062
9947490 2063
9947491 2064
9947492 2065
9947493 2066
9947494 2067
9947495 2068
9947496 2069
9947497 2070
9947498 2071
9947499 2072

Totally 2072 collisions
of 10000000 hash calculations
(0.0207%)
